0 x_start_weight
tensor([0.4381, 0.7601, 0.9556, 0.0965, 0.3022, 0.2498, 0.3784, 0.7278, 0.7972,
        0.4756, 0.9780, 0.9936, 0.0452, 0.9154, 0.5685, 0.7310, 0.9875, 0.5413,
        0.6125, 0.6100, 0.4549, 0.9757, 0.1552, 0.9961, 0.5360, 0.3870, 0.3999,
        0.7867, 0.7415, 0.3435, 0.8263, 0.9222], device='cuda:0')
0 noise_weight
tensor([0.8989, 0.6499, 0.2945, 0.9953, 0.9532, 0.9683, 0.9256, 0.6858, 0.6037,
        0.8797, 0.2085, 0.1128, 0.9990, 0.4026, 0.8227, 0.6824, 0.1578, 0.8408,
        0.7905, 0.7924, 0.8906, 0.2191, 0.9879, 0.0878, 0.8442, 0.9221, 0.9165,
        0.6173, 0.6709, 0.9391, 0.5632, 0.3868], device='cuda:0')
1 x_start_weight
tensor([0.3215, 0.9753, 0.7611, 0.2301, 0.9588, 0.9419, 0.9968, 0.9994, 0.8921,
        0.3813, 0.6100, 0.0530, 0.9780, 0.1290, 0.9292, 0.4797, 0.3096, 0.1629,
        0.8245, 0.9913, 0.4056, 0.4423, 0.8606, 0.9309, 0.6927, 0.1936, 0.3942,
        0.9222, 0.9349, 0.8928, 0.7457, 0.0810], device='cuda:0')
1 noise_weight
tensor([0.9469, 0.2207, 0.6487, 0.9732, 0.2841, 0.3360, 0.0800, 0.0353, 0.4519,
        0.9245, 0.7924, 0.9986, 0.2085, 0.9916, 0.3695, 0.8775, 0.9509, 0.9866,
        0.5658, 0.1315, 0.9140, 0.8969, 0.5093, 0.3652, 0.7212, 0.9811, 0.9190,
        0.3868, 0.3550, 0.4505, 0.6663, 0.9967], device='cuda:0')
2 x_start_weight
tensor([0.6949, 0.9408, 0.0903, 0.4283, 0.8102, 0.4085, 0.9956, 0.8942, 0.6272,
        0.9031, 0.5556, 0.1783, 0.4099, 0.5000, 0.9475, 0.8201, 0.9656, 0.8000,
        0.5465, 0.9809, 0.7896, 0.7094, 0.9365, 0.9829, 0.2754, 0.9057, 0.8723,
        0.1460, 0.6100, 0.6871, 0.0187, 0.6617], device='cuda:0')
2 noise_weight
tensor([0.7191, 0.3389, 0.9959, 0.9036, 0.5862, 0.9128, 0.0941, 0.4477, 0.7789,
        0.4295, 0.8314, 0.9840, 0.9121, 0.8660, 0.3197, 0.5722, 0.2600, 0.6000,
        0.8375, 0.1947, 0.6136, 0.7048, 0.3506, 0.1840, 0.9613, 0.4239, 0.4890,
        0.9893, 0.7924, 0.7266, 0.9998, 0.7497], device='cuda:0')
3 x_start_weight
tensor([0.9796, 0.0171, 0.9326, 0.8745, 0.7027, 0.3362, 0.1521, 0.8842, 0.9887,
        0.7770, 0.3769, 0.3096, 0.9905, 0.4212, 0.3274, 0.7363, 0.9963, 0.8435,
        0.5711, 0.7299, 0.0747, 0.5951, 0.9309, 0.7363, 0.8969, 0.6076, 0.2649,
        0.9505, 0.2225, 0.6571, 0.9903, 0.5095], device='cuda:0')
3 noise_weight
tensor([0.2008, 0.9999, 0.3608, 0.4850, 0.7114, 0.9418, 0.9884, 0.4671, 0.1501,
        0.6295, 0.9262, 0.9509, 0.1377, 0.9070, 0.9449, 0.6767, 0.0863, 0.5372,
        0.8209, 0.6835, 0.9972, 0.8036, 0.3652, 0.6767, 0.4421, 0.7943, 0.9643,
        0.3109, 0.9749, 0.7538, 0.1392, 0.8605], device='cuda:0')
4 x_start_weight
tensor([    0.9460,     0.9870,     0.9129,     0.9774,     0.9799,     0.9179,
            0.7661,     0.9209,     0.7601,     0.7750,     0.6416,     0.0000,
            0.7203,     0.5360,     0.0576,     0.9970,     0.3683,     0.3942,
            0.2918,     0.9760,     0.1027,     0.2664,     0.3813,     0.1829,
            0.8997,     0.9365,     0.9969,     0.5504,     0.0996,     0.4437,
            0.2195,     0.5373], device='cuda:0')
4 noise_weight
tensor([0.3242, 0.1609, 0.4083, 0.2115, 0.1993, 0.3969, 0.6427, 0.3897, 0.6499,
        0.6319, 0.7670, 1.0000, 0.6937, 0.8442, 0.9983, 0.0768, 0.9297, 0.9190,
        0.9565, 0.2176, 0.9947, 0.9639, 0.9245, 0.9831, 0.4365, 0.3506, 0.0784,
        0.8349, 0.9950, 0.8962, 0.9756, 0.8434], device='cuda:0')
5 x_start_weight
tensor([0.5723, 0.7116, 0.4071, 0.9829, 0.9191, 0.0421, 0.9475, 0.8484, 0.5000,
        0.6859, 0.5647, 0.9619, 0.4028, 0.2027, 0.7267, 0.5014, 0.9387, 0.9991,
        0.9057, 0.7661, 0.4632, 0.5373, 0.9509, 0.8827, 0.3479, 0.8914, 0.5698,
        0.9349, 0.7148, 0.9419, 0.4687, 0.4714], device='cuda:0')
5 noise_weight
tensor([0.8200, 0.7026, 0.9134, 0.1840, 0.3940, 0.9991, 0.3197, 0.5293, 0.8660,
        0.7277, 0.8253, 0.2736, 0.9153, 0.9792, 0.6869, 0.8652, 0.3447, 0.0418,
        0.4239, 0.6427, 0.8863, 0.8434, 0.3094, 0.4699, 0.9375, 0.4533, 0.8218,
        0.3550, 0.6993, 0.3360, 0.8834, 0.8819], device='cuda:0')
6 x_start_weight
tensor([0.9096, 0.0763, 0.9969, 0.8942, 0.1629, 0.3052, 0.0047, 0.7560, 0.9991,
        0.0312, 0.2918, 0.9999, 0.6606, 0.1089, 0.8009, 0.6488, 0.5926, 0.6814,
        0.4085, 0.7235, 0.9424, 0.9900, 0.9566, 0.9941, 0.3096, 0.0109, 0.7858,
        0.3668, 0.0109, 0.0171, 0.2963, 0.0530], device='cuda:0')
6 noise_weight
tensor([0.4154, 0.9971, 0.0784, 0.4477, 0.9866, 0.9523, 1.0000, 0.6546, 0.0434,
        0.9995, 0.9565, 0.0139, 0.7508, 0.9941, 0.5987, 0.7610, 0.8055, 0.7319,
        0.9128, 0.6903, 0.3345, 0.1408, 0.2915, 0.1082, 0.9509, 0.9999, 0.6185,
        0.9303, 0.9999, 0.9999, 0.9551, 0.9986], device='cuda:0')
7 x_start_weight
tensor([0.5939, 0.1120, 0.7721, 0.6235, 0.1875, 0.4783, 0.3625, 0.4987, 0.6500,
        0.2422, 0.8493, 0.8969, 0.7858, 0.6356, 0.9961, 0.6594, 0.2799, 0.6629,
        0.1367, 0.9627, 0.4987, 0.3318, 0.8700, 0.3942, 0.5647, 0.5517, 0.7906,
        0.9954, 0.6026, 0.6535, 0.9077, 0.5698], device='cuda:0')
7 noise_weight
tensor([0.8046, 0.9937, 0.6355, 0.7818, 0.9823, 0.8782, 0.9320, 0.8668, 0.7600,
        0.9702, 0.5280, 0.4421, 0.6185, 0.7720, 0.0878, 0.7518, 0.9600, 0.7487,
        0.9906, 0.2706, 0.8668, 0.9434, 0.4931, 0.9190, 0.8253, 0.8340, 0.6124,
        0.0957, 0.7980, 0.7569, 0.4196, 0.8218], device='cuda:0')
8 x_start_weight
tensor([0.9896, 0.4604, 0.9490, 0.9403, 0.8111, 0.1875, 0.3697, 0.9349, 0.0825,
        0.9880, 0.8460, 0.5595, 0.3784, 0.5188, 0.0530, 0.5108, 0.3215, 0.8426,
        0.9732, 0.0841, 0.9103, 0.2903, 0.8358, 0.2468, 0.4590, 0.3885, 0.3755,
        0.2483, 0.9729, 0.0716, 0.6535, 0.1936], device='cuda:0')
8 noise_weight
tensor([0.1439, 0.8877, 0.3153, 0.3404, 0.5849, 0.9823, 0.9291, 0.3550, 0.9966,
        0.1547, 0.5332, 0.8288, 0.9256, 0.8549, 0.9986, 0.8597, 0.9469, 0.5385,
        0.2298, 0.9965, 0.4140, 0.9569, 0.5490, 0.9691, 0.8884, 0.9215, 0.9268,
        0.9687, 0.2313, 0.9974, 0.7569, 0.9811], device='cuda:0')
9 x_start_weight
tensor([0.9024, 0.6404, 0.8745, 0.5838, 0.7621, 0.9668, 0.8037, 0.8878, 0.6859,
        0.3870, 0.9996, 0.4535, 0.7701, 0.9970, 0.2543, 0.7641, 0.2422, 0.5000,
        0.9946, 0.9495, 0.9619, 0.9141, 0.4085, 0.9880, 0.1875, 0.3170, 0.8798,
        0.0949, 0.9614, 0.9829, 0.7127, 0.3096], device='cuda:0')
9 noise_weight
tensor([0.4309, 0.7680, 0.4850, 0.8119, 0.6475, 0.2555, 0.5950, 0.4602, 0.7277,
        0.9221, 0.0269, 0.8913, 0.6379, 0.0768, 0.9671, 0.6451, 0.9702, 0.8660,
        0.1035, 0.3138, 0.2736, 0.4054, 0.9128, 0.1547, 0.9823, 0.9484, 0.4754,
        0.9955, 0.2751, 0.1840, 0.7015, 0.9509], device='cuda:0')
